1.000000 1.000000 1.000000 0.034700
1.000000 1.000000 1.400000 0.695639
1.000000 1.000000 1.800000 0.690115
1.000000 1.000000 2.200000 0.870266
1.000000 1.000000 2.600000 0.053377
1.000000 1.000000 3.000000 0.190008
1.000000 1.000000 3.400000 0.651173
1.000000 1.000000 3.800000 0.367138
1.000000 1.000000 4.200000 0.283853
1.000000 1.000000 4.600000 0.751427
1.000000 1.000000 5.000000 0.960601
1.000000 1.400000 1.000000 0.202124
1.000000 1.400000 1.400000 0.256508
1.000000 1.400000 1.800000 0.097629
1.000000 1.400000 2.200000 0.037599
1.000000 1.400000 2.600000 0.899319
1.000000 1.400000 3.000000 0.554094
1.000000 1.400000 3.400000 0.516068
1.000000 1.400000 3.800000 0.413221
1.000000 1.400000 4.200000 0.186529
1.000000 1.400000 4.600000 0.530595
1.000000 1.400000 5.000000 0.831996
1.000000 1.800000 1.000000 0.449934
1.000000 1.800000 1.400000 0.960967
1.000000 1.800000 1.800000 0.039857
1.000000 1.800000 2.200000 0.347636
1.000000 1.800000 2.600000 0.149663
1.000000 1.800000 3.000000 0.990905
1.000000 1.800000 3.400000 0.955229
1.000000 1.800000 3.800000 0.408338
1.000000 1.800000 4.200000 0.080477
1.000000 1.800000 4.600000 0.260079
1.000000 1.800000 5.000000 0.761437
1.000000 2.200000 1.000000 0.751671
1.000000 2.200000 1.400000 0.953948
1.000000 2.200000 1.800000 0.360973
1.000000 2.200000 2.200000 0.000122
1.000000 2.200000 2.600000 0.296213
1.000000 2.200000 3.000000 0.883969
1.000000 2.200000 3.400000 0.842860
1.000000 2.200000 3.800000 0.850063
1.000000 2.200000 4.200000 0.525895
1.000000 2.200000 4.600000 0.858669
1.000000 2.200000 5.000000 0.921567
1.000000 2.600000 1.000000 0.623096
1.000000 2.600000 1.400000 0.126408
1.000000 2.600000 1.800000 0.456252
1.000000 2.600000 2.200000 0.456618
1.000000 2.600000 2.600000 0.458052
1.000000 2.600000 3.000000 0.029695
1.000000 2.600000 3.400000 0.336497
1.000000 2.600000 3.800000 0.602252
1.000000 2.600000 4.200000 0.992370
1.000000 2.600000 4.600000 0.523057
1.000000 2.600000 5.000000 0.538469
1.000000 3.000000 1.000000 0.038392
1.000000 3.000000 1.400000 0.294046
1.000000 3.000000 1.800000 0.578631
1.000000 3.000000 2.200000 0.116611
1.000000 3.000000 2.600000 0.188208
1.000000 3.000000 3.000000 0.834407
1.000000 3.000000 3.400000 0.060427
1.000000 3.000000 3.800000 0.145665
1.000000 3.000000 4.200000 0.327952
1.000000 3.000000 4.600000 0.783105
1.000000 3.000000 5.000000 0.963927
1.000000 3.400000 1.000000 0.626087
1.000000 3.400000 1.400000 0.995972
1.000000 3.400000 1.800000 0.406659
1.000000 3.400000 2.200000 0.345378
1.000000 3.400000 2.600000 0.320963
1.000000 3.400000 3.000000 0.606311
1.000000 3.400000 3.400000 0.851863
1.000000 3.400000 3.800000 0.097049
1.000000 3.400000 4.200000 0.056154
1.000000 3.400000 4.600000 0.674245
1.000000 3.400000 5.000000 0.095004
1.000000 3.800000 1.000000 0.223975
1.000000 3.800000 1.400000 0.514237
1.000000 3.800000 1.800000 0.558824
1.000000 3.800000 2.200000 0.338664
1.000000 3.800000 2.600000 0.779290
1.000000 3.800000 3.000000 0.053896
1.000000 3.800000 3.400000 0.129643
1.000000 3.800000 3.800000 0.636647
1.000000 3.800000 4.200000 0.113742
1.000000 3.800000 4.600000 0.586230
1.000000 3.800000 5.000000 0.263558
1.000000 4.200000 1.000000 0.028871
1.000000 4.200000 1.400000 0.596179
1.000000 4.200000 1.800000 0.038392
1.000000 4.200000 2.200000 0.577593
1.000000 4.200000 2.600000 0.967498
1.000000 4.200000 3.000000 0.460677
1.000000 4.200000 3.400000 0.437239
1.000000 4.200000 3.800000 0.304605
1.000000 4.200000 4.200000 0.314768
1.000000 4.200000 4.600000 0.937162
1.000000 4.200000 5.000000 0.142277
1.000000 4.600000 1.000000 0.717856
1.000000 4.600000 1.400000 0.695029
1.000000 4.600000 1.800000 0.321207
1.000000 4.600000 2.200000 0.261238
1.000000 4.600000 2.600000 0.010285
1.000000 4.600000 3.000000 0.480911
1.000000 4.600000 3.400000 0.139897
1.000000 4.600000 3.800000 0.778008
1.000000 4.600000 4.200000 0.035585
1.000000 4.600000 4.600000 0.195929
1.000000 4.600000 5.000000 0.069277
1.000000 5.000000 1.000000 0.424696
1.000000 5.000000 1.400000 0.816492
1.000000 5.000000 1.800000 0.614246
1.000000 5.000000 2.200000 0.760155
1.000000 5.000000 2.600000 0.829432
1.000000 5.000000 3.000000 0.226997
1.000000 5.000000 3.400000 0.338694
1.000000 5.000000 3.800000 0.228401
1.000000 5.000000 4.200000 0.970397
1.000000 5.000000 4.600000 0.754875
1.000000 5.000000 5.000000 0.139134
1.400000 1.000000 1.000000 0.965941
1.400000 1.000000 1.400000 0.468062
1.400000 1.000000 1.800000 0.750114
1.400000 1.000000 2.200000 0.831263
1.400000 1.000000 2.600000 0.428602
1.400000 1.000000 3.000000 0.746452
1.400000 1.000000 3.400000 0.066256
1.400000 1.000000 3.800000 0.977813
1.400000 1.000000 4.200000 0.057283
1.400000 1.000000 4.600000 0.594623
1.400000 1.000000 5.000000 0.500534
1.400000 1.400000 1.000000 0.193640
1.400000 1.400000 1.400000 0.488571
1.400000 1.400000 1.800000 0.160161
1.400000 1.400000 2.200000 0.938841
1.400000 1.400000 2.600000 0.335154
1.400000 1.400000 3.000000 0.110782
1.400000 1.400000 3.400000 0.905271
1.400000 1.400000 3.800000 0.612354
1.400000 1.400000 4.200000 0.355815
1.400000 1.400000 4.600000 0.622547
1.400000 1.400000 5.000000 0.557024
1.400000 1.800000 1.000000 0.371471
1.400000 1.800000 1.400000 0.109134
1.400000 1.800000 1.800000 0.748924
1.400000 1.800000 2.200000 0.583148
1.400000 1.800000 2.600000 0.383770
1.400000 1.800000 3.000000 0.880062
1.400000 1.800000 3.400000 0.772515
1.400000 1.800000 3.800000 0.224403
1.400000 1.800000 4.200000 0.161962
1.400000 1.800000 4.600000 0.925901
1.400000 1.800000 5.000000 0.034791
1.400000 2.200000 1.000000 0.614765
1.400000 2.200000 1.400000 0.328043
1.400000 2.200000 1.800000 0.808771
1.400000 2.200000 2.200000 0.065035
1.400000 2.200000 2.600000 0.020753
1.400000 2.200000 3.000000 0.020356
1.400000 2.200000 3.400000 0.799799
1.400000 2.200000 3.800000 0.491653
1.400000 2.200000 4.200000 0.731376
1.400000 2.200000 4.600000 0.349101
1.400000 2.200000 5.000000 0.137150
1.400000 2.600000 1.000000 0.393567
1.400000 2.600000 1.400000 0.629261
1.400000 2.600000 1.800000 0.807215
1.400000 2.600000 2.200000 0.418714
1.400000 2.600000 2.600000 0.247200
1.400000 2.600000 3.000000 0.975311
1.400000 2.600000 3.400000 0.042390
1.400000 2.600000 3.800000 0.910825
1.400000 2.600000 4.200000 0.125187
1.400000 2.600000 4.600000 0.436811
1.400000 2.600000 5.000000 0.896878
1.400000 3.000000 1.000000 0.054140
1.400000 3.000000 1.400000 0.303446
1.400000 3.000000 1.800000 0.891537
1.400000 3.000000 2.200000 0.120731
1.400000 3.000000 2.600000 0.948424
1.400000 3.000000 3.000000 0.932798
1.400000 3.000000 3.400000 0.037996
1.400000 3.000000 3.800000 0.665761
1.400000 3.000000 4.200000 0.096347
1.400000 3.000000 4.600000 0.931028
1.400000 3.000000 5.000000 0.344035
1.400000 3.400000 1.000000 0.965026
1.400000 3.400000 1.400000 0.189306
1.400000 3.400000 1.800000 0.752098
1.400000 3.400000 2.200000 0.363994
1.400000 3.400000 2.600000 0.105625
1.400000 3.400000 3.000000 0.214545
1.400000 3.400000 3.400000 0.188665
1.400000 3.400000 3.800000 0.957060
1.400000 3.400000 4.200000 0.299936
1.400000 3.400000 4.600000 0.666372
1.400000 3.400000 5.000000 0.863674
1.400000 3.800000 1.000000 0.436354
1.400000 3.800000 1.400000 0.561968
1.400000 3.800000 1.800000 0.141972
1.400000 3.800000 2.200000 0.568010
1.400000 3.800000 2.600000 0.181677
1.400000 3.800000 3.000000 0.994995
1.400000 3.800000 3.400000 0.103336
1.400000 3.800000 3.800000 0.099948
1.400000 3.800000 4.200000 0.745994
1.400000 3.800000 4.600000 0.597034
1.400000 3.800000 5.000000 0.086184
1.400000 4.200000 1.000000 0.762902
1.400000 4.200000 1.400000 0.987274
1.400000 4.200000 1.800000 0.989929
1.400000 4.200000 2.200000 0.137761
1.400000 4.200000 2.600000 0.177313
1.400000 4.200000 3.000000 0.257118
1.400000 4.200000 3.400000 0.978393
1.400000 4.200000 3.800000 0.764122
1.400000 4.200000 4.200000 0.563921
1.400000 4.200000 4.600000 0.177557
1.400000 4.200000 5.000000 0.345805
1.400000 4.600000 1.000000 0.168493
1.400000 4.600000 1.400000 0.153050
1.400000 4.600000 1.800000 0.036164
1.400000 4.600000 2.200000 0.792077
1.400000 4.600000 2.600000 0.062166
1.400000 4.600000 3.000000 0.878079
1.400000 4.600000 3.400000 0.332499
1.400000 4.600000 3.800000 0.420728
1.400000 4.600000 4.200000 0.828455
1.400000 4.600000 4.600000 0.007447
1.400000 4.600000 5.000000 0.505539
1.400000 5.000000 1.000000 0.680868
1.400000 5.000000 1.400000 0.321635
1.400000 5.000000 1.800000 0.873226
1.400000 5.000000 2.200000 0.374340
1.400000 5.000000 2.600000 0.170476
1.400000 5.000000 3.000000 0.082095
1.400000 5.000000 3.400000 0.350780
1.400000 5.000000 3.800000 0.322672
1.400000 5.000000 4.200000 0.207526
1.400000 5.000000 4.600000 0.248512
1.400000 5.000000 5.000000 0.247536
1.800000 1.000000 1.000000 0.759178
1.800000 1.000000 1.400000 0.574511
1.800000 1.000000 1.800000 0.948393
1.800000 1.000000 2.200000 0.255348
1.800000 1.000000 2.600000 0.883969
1.800000 1.000000 3.000000 0.343303
1.800000 1.000000 3.400000 0.448866
1.800000 1.000000 3.800000 0.624226
1.800000 1.000000 4.200000 0.293313
1.800000 1.000000 4.600000 0.186468
1.800000 1.000000 5.000000 0.848109
1.800000 1.400000 1.000000 0.212531
1.800000 1.400000 1.400000 0.453505
1.800000 1.400000 1.800000 0.080874
1.800000 1.400000 2.200000 0.589038
1.800000 1.400000 2.600000 0.070864
1.800000 1.400000 3.000000 0.574725
1.800000 1.400000 3.400000 0.810266
1.800000 1.400000 3.800000 0.576739
1.800000 1.400000 4.200000 0.214850
1.800000 1.400000 4.600000 0.917112
1.800000 1.400000 5.000000 0.172918
1.800000 1.800000 1.000000 0.180548
1.800000 1.800000 1.400000 0.744102
1.800000 1.800000 1.800000 0.059297
1.800000 1.800000 2.200000 0.300638
1.800000 1.800000 2.600000 0.902066
1.800000 1.800000 3.000000 0.962889
1.800000 1.800000 3.400000 0.161260
1.800000 1.800000 3.800000 0.995270
1.800000 1.800000 4.200000 0.990539
1.800000 1.800000 4.600000 0.659047
1.800000 1.800000 5.000000 0.752525
1.800000 2.200000 1.000000 0.489029
1.800000 2.200000 1.400000 0.786767
1.800000 2.200000 1.800000 0.197394
1.800000 2.200000 2.200000 0.076937
1.800000 2.200000 2.600000 0.535142
1.800000 2.200000 3.000000 0.076724
1.800000 2.200000 3.400000 0.583850
1.800000 2.200000 3.800000 0.525590
1.800000 2.200000 4.200000 0.234352
1.800000 2.200000 4.600000 0.236183
1.800000 2.200000 5.000000 0.156377
1.800000 2.600000 1.000000 0.188482
1.800000 2.600000 1.400000 0.504532
1.800000 2.600000 1.800000 0.447676
1.800000 2.600000 2.200000 0.059297
1.800000 2.600000 2.600000 0.057009
1.800000 2.600000 3.000000 0.598743
1.800000 2.600000 3.400000 0.770898
1.800000 2.600000 3.800000 0.156987
1.800000 2.600000 4.200000 0.907682
1.800000 2.600000 4.600000 0.578478
1.800000 2.600000 5.000000 0.347880
1.800000 3.000000 1.000000 0.543260
1.800000 3.000000 1.400000 0.398968
1.800000 3.000000 1.800000 0.148381
1.800000 3.000000 2.200000 0.524339
1.800000 3.000000 2.600000 0.302713
1.800000 3.000000 3.000000 0.412397
1.800000 3.000000 3.400000 0.758293
1.800000 3.000000 3.800000 0.167974
1.800000 3.000000 4.200000 0.680258
1.800000 3.000000 4.600000 0.168645
1.800000 3.000000 5.000000 0.379254
1.800000 3.400000 1.000000 0.965636
1.800000 3.400000 1.400000 0.315226
1.800000 3.400000 1.800000 0.150761
1.800000 3.400000 2.200000 0.859798
1.800000 3.400000 2.600000 0.979919
1.800000 3.400000 3.000000 0.696005
1.800000 3.400000 3.400000 0.364788
1.800000 3.400000 3.800000 0.267983
1.800000 3.400000 4.200000 0.247017
1.800000 3.400000 4.600000 0.491623
1.800000 3.400000 5.000000 0.969970
1.800000 3.800000 1.000000 0.126743
1.800000 3.800000 1.400000 0.696951
1.800000 3.800000 1.800000 0.916868
1.800000 3.800000 2.200000 0.808954
1.800000 3.800000 2.600000 0.947508
1.800000 3.800000 3.000000 0.176702
1.800000 3.800000 3.400000 0.786279
1.800000 3.800000 3.800000 0.870022
1.800000 3.800000 4.200000 0.969054
1.800000 3.800000 4.600000 0.859035
1.800000 3.800000 5.000000 0.414472
1.800000 4.200000 1.000000 0.211921
1.800000 4.200000 1.400000 0.507889
1.800000 4.200000 1.800000 0.816431
1.800000 4.200000 2.200000 0.017945
1.800000 4.200000 2.600000 0.382916
1.800000 4.200000 3.000000 0.825953
1.800000 4.200000 3.400000 0.042848
1.800000 4.200000 3.800000 0.775323
1.800000 4.200000 4.200000 0.865322
1.800000 4.200000 4.600000 0.922208
1.800000 4.200000 5.000000 0.704001
1.800000 4.600000 1.000000 0.201849
1.800000 4.600000 1.400000 0.576403
1.800000 4.600000 1.800000 0.154424
1.800000 4.600000 2.200000 0.896970
1.800000 4.600000 2.600000 0.995056
1.800000 4.600000 3.000000 0.957732
1.800000 4.600000 3.400000 0.097201
1.800000 4.600000 3.800000 0.701254
1.800000 4.600000 4.200000 0.006592
1.800000 4.600000 4.600000 0.682852
1.800000 4.600000 5.000000 0.542497
1.800000 5.000000 1.000000 0.801935
1.800000 5.000000 1.400000 0.498245
1.800000 5.000000 1.800000 0.516251
1.800000 5.000000 2.200000 0.049135
1.800000 5.000000 2.600000 0.466414
1.800000 5.000000 3.000000 0.336314
1.800000 5.000000 3.400000 0.353221
1.800000 5.000000 3.800000 0.947386
1.800000 5.000000 4.200000 0.155644
1.800000 5.000000 4.600000 0.282785
1.800000 5.000000 5.000000 0.973022
2.200000 1.000000 1.000000 0.204566
2.200000 1.000000 1.400000 0.551927
2.200000 1.000000 1.800000 0.037568
2.200000 1.000000 2.200000 0.536027
2.200000 1.000000 2.600000 0.058809
2.200000 1.000000 3.000000 0.283303
2.200000 1.000000 3.400000 0.189520
2.200000 1.000000 3.800000 0.356334
2.200000 1.000000 4.200000 0.826075
2.200000 1.000000 4.600000 0.127079
2.200000 1.000000 5.000000 0.731559
2.200000 1.400000 1.000000 0.981048
2.200000 1.400000 1.400000 0.787469
2.200000 1.400000 1.800000 0.972655
2.200000 1.400000 2.200000 0.296701
2.200000 1.400000 2.600000 0.107273
2.200000 1.400000 3.000000 0.563066
2.200000 1.400000 3.400000 0.325571
2.200000 1.400000 3.800000 0.770959
2.200000 1.400000 4.200000 0.368450
2.200000 1.400000 4.600000 0.878018
2.200000 1.400000 5.000000 0.633992
2.200000 1.800000 1.000000 0.439467
2.200000 1.800000 1.400000 0.521043
2.200000 1.800000 1.800000 0.127598
2.200000 1.800000 2.200000 0.218268
2.200000 1.800000 2.600000 0.322031
2.200000 1.800000 3.000000 0.062624
2.200000 1.800000 3.400000 0.647542
2.200000 1.800000 3.800000 0.085635
2.200000 1.800000 4.200000 0.854518
2.200000 1.800000 4.600000 0.813379
2.200000 1.800000 5.000000 0.095157
2.200000 2.200000 1.000000 0.410840
2.200000 2.200000 1.400000 0.571825
2.200000 2.200000 1.800000 0.491043
2.200000 2.200000 2.200000 0.848811
2.200000 2.200000 2.600000 0.963866
2.200000 2.200000 3.000000 0.949583
2.200000 2.200000 3.400000 0.811945
2.200000 2.200000 3.800000 0.830409
2.200000 2.200000 4.200000 0.266396
2.200000 2.200000 4.600000 0.059847
2.200000 2.200000 5.000000 0.148106
2.200000 2.600000 1.000000 0.658559
2.200000 2.600000 1.400000 0.757988
2.200000 2.600000 1.800000 0.197851
2.200000 2.600000 2.200000 0.272713
2.200000 2.600000 2.600000 0.537889
2.200000 2.600000 3.000000 0.753136
2.200000 2.600000 3.400000 0.135411
2.200000 2.600000 3.800000 0.224281
2.200000 2.600000 4.200000 0.790735
2.200000 2.600000 4.600000 0.470687
2.200000 2.600000 5.000000 0.157750
2.200000 3.000000 1.000000 0.821558
2.200000 3.000000 1.400000 0.438002
2.200000 3.000000 1.800000 0.916990
2.200000 3.000000 2.200000 0.539598
2.200000 3.000000 2.600000 0.859828
2.200000 3.000000 3.000000 0.734794
2.200000 3.000000 3.400000 0.903195
2.200000 3.000000 3.800000 0.617176
2.200000 3.000000 4.200000 0.520310
2.200000 3.000000 4.600000 0.067598
2.200000 3.000000 5.000000 0.979369
2.200000 3.400000 1.000000 0.112064
2.200000 3.400000 1.400000 0.023621
2.200000 3.400000 1.800000 0.118961
2.200000 3.400000 2.200000 0.565203
2.200000 3.400000 2.600000 0.863247
2.200000 3.400000 3.000000 0.058473
2.200000 3.400000 3.400000 0.705924
2.200000 3.400000 3.800000 0.059664
2.200000 3.400000 4.200000 0.623493
2.200000 3.400000 4.600000 0.017335
2.200000 3.400000 5.000000 0.198614
2.200000 3.800000 1.000000 0.210273
2.200000 3.800000 1.400000 0.076724
2.200000 3.800000 1.800000 0.569567
2.200000 3.800000 2.200000 0.925230
2.200000 3.800000 2.600000 0.523179
2.200000 3.800000 3.000000 0.732170
2.200000 3.800000 3.400000 0.604114
2.200000 3.800000 3.800000 0.469405
2.200000 3.800000 4.200000 0.995911
2.200000 3.800000 4.600000 0.851619
2.200000 3.800000 5.000000 0.072329
2.200000 4.200000 1.000000 0.266671
2.200000 4.200000 1.400000 0.953368
2.200000 4.200000 1.800000 0.066317
2.200000 4.200000 2.200000 0.762566
2.200000 4.200000 2.600000 0.405683
2.200000 4.200000 3.000000 0.268624
2.200000 4.200000 3.400000 0.839595
2.200000 4.200000 3.800000 0.537461
2.200000 4.200000 4.200000 0.041047
2.200000 4.200000 4.600000 0.749840
2.200000 4.200000 5.000000 0.431104
2.200000 4.600000 1.000000 0.065645
2.200000 4.600000 1.400000 0.323649
2.200000 4.600000 1.800000 0.974273
2.200000 4.600000 2.200000 0.519700
2.200000 4.600000 2.600000 0.578722
2.200000 4.600000 3.000000 0.254646
2.200000 4.600000 3.400000 0.350932
2.200000 4.600000 3.800000 0.140477
2.200000 4.600000 4.200000 0.684652
2.200000 4.600000 4.600000 0.369793
2.200000 4.600000 5.000000 0.693045
2.200000 5.000000 1.000000 0.092685
2.200000 5.000000 1.400000 0.769524
2.200000 5.000000 1.800000 0.659932
2.200000 5.000000 2.200000 0.081271
2.200000 5.000000 2.600000 0.474471
2.200000 5.000000 3.000000 0.017914
2.200000 5.000000 3.400000 0.634022
2.200000 5.000000 3.800000 0.299661
2.200000 5.000000 4.200000 0.500748
2.200000 5.000000 4.600000 0.584216
2.200000 5.000000 5.000000 0.931303
2.600000 1.000000 1.000000 0.624531
2.600000 1.000000 1.400000 0.260903
2.600000 1.000000 1.800000 0.945006
2.600000 1.000000 2.200000 0.388012
2.600000 1.000000 2.600000 0.248634
2.600000 1.000000 3.000000 0.571825
2.600000 1.000000 3.400000 0.964690
2.600000 1.000000 3.800000 0.966002
2.600000 1.000000 4.200000 0.121006
2.600000 1.000000 4.600000 0.582842
2.600000 1.000000 5.000000 0.705313
2.600000 1.400000 1.000000 0.448469
2.600000 1.400000 1.400000 0.484298
2.600000 1.400000 1.800000 0.289285
2.600000 1.400000 2.200000 0.511490
2.600000 1.400000 2.600000 0.309854
2.600000 1.400000 3.000000 0.890408
2.600000 1.400000 3.400000 0.610157
2.600000 1.400000 3.800000 0.402234
2.600000 1.400000 4.200000 0.665517
2.600000 1.400000 4.600000 0.976043
2.600000 1.400000 5.000000 0.186468
2.600000 1.800000 1.000000 0.300516
2.600000 1.800000 1.400000 0.707999
2.600000 1.800000 1.800000 0.779260
2.600000 1.800000 2.200000 0.556902
2.600000 1.800000 2.600000 0.131962
2.600000 1.800000 3.000000 0.535752
2.600000 1.800000 3.400000 0.878353
2.600000 1.800000 3.800000 0.866176
2.600000 1.800000 4.200000 0.324198
2.600000 1.800000 4.600000 0.780694
2.600000 1.800000 5.000000 0.133885
2.600000 2.200000 1.000000 0.763268
2.600000 2.200000 1.400000 0.737388
2.600000 2.200000 1.800000 0.940794
2.600000 2.200000 2.200000 0.316111
2.600000 2.200000 2.600000 0.645131
2.600000 2.200000 3.000000 0.558061
2.600000 2.200000 3.400000 0.824091
2.600000 2.200000 3.800000 0.397809
2.600000 2.200000 4.200000 0.902463
2.600000 2.200000 4.600000 0.186895
2.600000 2.200000 5.000000 0.010254
2.600000 2.600000 1.000000 0.794763
2.600000 2.600000 1.400000 0.323618
2.600000 2.600000 1.800000 0.651997
2.600000 2.600000 2.200000 0.736015
2.600000 2.600000 2.600000 0.334544
2.600000 2.600000 3.000000 0.312937
2.600000 2.600000 3.400000 0.578570
2.600000 2.600000 3.800000 0.110385
2.600000 2.600000 4.200000 0.235267
2.600000 2.600000 4.600000 0.079958
2.600000 2.600000 5.000000 0.246834
2.600000 3.000000 1.000000 0.066774
2.600000 3.000000 1.400000 0.875179
2.600000 3.000000 1.800000 0.455336
2.600000 3.000000 2.200000 0.768822
2.600000 3.000000 2.600000 0.957121
2.600000 3.000000 3.000000 0.634510
2.600000 3.000000 3.400000 0.490127
2.600000 3.000000 3.800000 0.915616
2.600000 3.000000 4.200000 0.195013
2.600000 3.000000 4.600000 0.591052
2.600000 3.000000 5.000000 0.494461
2.600000 3.400000 1.000000 0.626331
2.600000 3.400000 1.400000 0.854274
2.600000 3.400000 1.800000 0.350230
2.600000 3.400000 2.200000 0.672079
2.600000 3.400000 2.600000 0.729942
2.600000 3.400000 3.000000 0.628254
2.600000 3.400000 3.400000 0.791437
2.600000 3.400000 3.800000 0.006439
2.600000 3.400000 4.200000 0.911130
2.600000 3.400000 4.600000 0.057100
2.600000 3.400000 5.000000 0.011353
2.600000 3.800000 1.000000 0.555528
2.600000 3.800000 1.400000 0.451643
2.600000 3.800000 1.800000 0.428846
2.600000 3.800000 2.200000 0.246162
2.600000 3.800000 2.600000 0.810694
2.600000 3.800000 3.000000 0.778344
2.600000 3.800000 3.400000 0.260384
2.600000 3.800000 3.800000 0.053072
2.600000 3.800000 4.200000 0.276345
2.600000 3.800000 4.600000 0.348949
2.600000 3.800000 5.000000 0.764885
2.600000 4.200000 1.000000 0.533341
2.600000 4.200000 1.400000 0.926847
2.600000 4.200000 1.800000 0.907163
2.600000 4.200000 2.200000 0.211768
2.600000 4.200000 2.600000 0.877041
2.600000 4.200000 3.000000 0.696066
2.600000 4.200000 3.400000 0.637928
2.600000 4.200000 3.800000 0.585650
2.600000 4.200000 4.200000 0.011841
2.600000 4.200000 4.600000 0.656972
2.600000 4.200000 5.000000 0.254646
2.600000 4.600000 1.000000 0.450026
2.600000 4.600000 1.400000 0.636372
2.600000 4.600000 1.800000 0.046480
2.600000 4.600000 2.200000 0.548967
2.600000 4.600000 2.600000 0.422681
2.600000 4.600000 3.000000 0.419263
2.600000 4.600000 3.400000 0.792535
2.600000 4.600000 3.800000 0.434828
2.600000 4.600000 4.200000 0.168340
2.600000 4.600000 4.600000 0.646077
2.600000 4.600000 5.000000 0.699179
2.600000 5.000000 1.000000 0.018097
2.600000 5.000000 1.400000 0.315439
2.600000 5.000000 1.800000 0.094211
2.600000 5.000000 2.200000 0.946348
2.600000 5.000000 2.600000 0.722495
2.600000 5.000000 3.000000 0.202643
2.600000 5.000000 3.400000 0.417951
2.600000 5.000000 3.800000 0.060030
2.600000 5.000000 4.200000 0.003571
2.600000 5.000000 4.600000 0.862056
2.600000 5.000000 5.000000 0.824274
3.000000 1.000000 1.000000 0.009705
3.000000 1.000000 1.400000 0.682028
3.000000 1.000000 1.800000 0.144749
3.000000 1.000000 2.200000 0.320963
3.000000 1.000000 2.600000 0.588733
3.000000 1.000000 3.000000 0.426984
3.000000 1.000000 3.400000 0.395215
3.000000 1.000000 3.800000 0.318461
3.000000 1.000000 4.200000 0.734397
3.000000 1.000000 4.600000 0.421400
3.000000 1.000000 5.000000 0.580859
3.000000 1.400000 1.000000 0.866176
3.000000 1.400000 1.400000 0.943388
3.000000 1.400000 1.800000 0.739952
3.000000 1.400000 2.200000 0.282846
3.000000 1.400000 2.600000 0.305002
3.000000 1.400000 3.000000 0.439619
3.000000 1.400000 3.400000 0.471175
3.000000 1.400000 3.800000 0.454604
3.000000 1.400000 4.200000 0.617084
3.000000 1.400000 4.600000 0.249886
3.000000 1.400000 5.000000 0.115299
3.000000 1.800000 1.000000 0.353954
3.000000 1.800000 1.400000 0.253945
3.000000 1.800000 1.800000 0.844234
3.000000 1.800000 2.200000 0.288217
3.000000 1.800000 2.600000 0.555559
3.000000 1.800000 3.000000 0.724693
3.000000 1.800000 3.400000 0.496719
3.000000 1.800000 3.800000 0.263680
3.000000 1.800000 4.200000 0.449385
3.000000 1.800000 4.600000 0.724815
3.000000 1.800000 5.000000 0.023560
3.000000 2.200000 1.000000 0.384655
3.000000 2.200000 1.400000 0.132237
3.000000 2.200000 1.800000 0.087649
3.000000 2.200000 2.200000 0.054140
3.000000 2.200000 2.600000 0.874844
3.000000 2.200000 3.000000 0.097598
3.000000 2.200000 3.400000 0.339213
3.000000 2.200000 3.800000 0.491592
3.000000 2.200000 4.200000 0.081942
3.000000 2.200000 4.600000 0.630757
3.000000 2.200000 5.000000 0.137547
3.000000 2.600000 1.000000 0.319071
3.000000 2.600000 1.400000 0.684011
3.000000 2.600000 1.800000 0.315439
3.000000 2.600000 2.200000 0.378613
3.000000 2.600000 2.600000 0.407941
3.000000 2.600000 3.000000 0.889554
3.000000 2.600000 3.400000 0.557726
3.000000 2.600000 3.800000 0.248848
3.000000 2.600000 4.200000 0.484298
3.000000 2.600000 4.600000 0.163366
3.000000 2.600000 5.000000 0.533982
3.000000 3.000000 1.000000 0.006867
3.000000 3.000000 1.400000 0.909848
3.000000 3.000000 1.800000 0.508957
3.000000 3.000000 2.200000 0.468764
3.000000 3.000000 2.600000 0.774285
3.000000 3.000000 3.000000 0.433302
3.000000 3.000000 3.400000 0.838557
3.000000 3.000000 3.800000 0.649220
3.000000 3.000000 4.200000 0.117985
3.000000 3.000000 4.600000 0.569231
3.000000 3.000000 5.000000 0.462630
3.000000 3.400000 1.000000 0.081729
3.000000 3.400000 1.400000 0.704733
3.000000 3.400000 1.800000 0.759514
3.000000 3.400000 2.200000 0.229743
3.000000 3.400000 2.600000 0.197913
3.000000 3.400000 3.000000 0.808741
3.000000 3.400000 3.400000 0.974792
3.000000 3.400000 3.800000 0.347819
3.000000 3.400000 4.200000 0.515030
3.000000 3.400000 4.600000 0.954680
3.000000 3.400000 5.000000 0.911100
3.000000 3.800000 1.000000 0.418470
3.000000 3.800000 1.400000 0.658376
3.000000 3.800000 1.800000 0.476211
3.000000 3.800000 2.200000 0.438948
3.000000 3.800000 2.600000 0.715537
3.000000 3.800000 3.000000 0.650777
3.000000 3.800000 3.400000 0.272134
3.000000 3.800000 3.800000 0.460250
3.000000 3.800000 4.200000 0.238746
3.000000 3.800000 4.600000 0.876217
3.000000 3.800000 5.000000 0.540727
3.000000 4.200000 1.000000 0.829920
3.000000 4.200000 1.400000 0.574419
3.000000 4.200000 1.800000 0.623218
3.000000 4.200000 2.200000 0.774010
3.000000 4.200000 2.600000 0.497971
3.000000 4.200000 3.000000 0.093570
3.000000 4.200000 3.400000 0.615070
3.000000 4.200000 3.800000 0.793176
3.000000 4.200000 4.200000 0.528764
3.000000 4.200000 4.600000 0.519639
3.000000 4.200000 5.000000 0.431959
3.000000 4.600000 1.000000 0.105960
3.000000 4.600000 1.400000 0.153325
3.000000 4.600000 1.800000 0.396283
3.000000 4.600000 2.200000 0.232521
3.000000 4.600000 2.600000 0.367901
3.000000 4.600000 3.000000 0.511307
3.000000 4.600000 3.400000 0.486862
3.000000 4.600000 3.800000 0.680227
3.000000 4.600000 4.200000 0.227882
3.000000 4.600000 4.600000 0.238258
3.000000 4.600000 5.000000 0.637013
3.000000 5.000000 1.000000 0.480850
3.000000 5.000000 1.400000 0.340312
3.000000 5.000000 1.800000 0.555345
3.000000 5.000000 2.200000 0.131077
3.000000 5.000000 2.600000 0.438124
3.000000 5.000000 3.000000 0.823878
3.000000 5.000000 3.400000 0.016877
3.000000 5.000000 3.800000 0.074099
3.000000 5.000000 4.200000 0.432630
3.000000 5.000000 4.600000 0.949492
3.000000 5.000000 5.000000 0.572527
3.400000 1.000000 1.000000 0.830561
3.400000 1.000000 1.400000 0.231056
3.400000 1.000000 1.800000 0.337382
3.400000 1.000000 2.200000 0.100131
3.400000 1.000000 2.600000 0.050539
3.400000 1.000000 3.000000 0.531755
3.400000 1.000000 3.400000 0.445814
3.400000 1.000000 3.800000 0.065493
3.400000 1.000000 4.200000 0.315714
3.400000 1.000000 4.600000 0.152837
3.400000 1.000000 5.000000 0.631489
3.400000 1.400000 1.000000 0.465346
3.400000 1.400000 1.400000 0.935209
3.400000 1.400000 1.800000 0.769127
3.400000 1.400000 2.200000 0.563799
3.400000 1.400000 2.600000 0.709830
3.400000 1.400000 3.000000 0.923154
3.400000 1.400000 3.400000 0.104068
3.400000 1.400000 3.800000 0.273904
3.400000 1.400000 4.200000 0.600604
3.400000 1.400000 4.600000 0.689413
3.400000 1.400000 5.000000 0.983306
3.400000 1.800000 1.000000 0.619526
3.400000 1.800000 1.400000 0.061068
3.400000 1.800000 1.800000 0.474288
3.400000 1.800000 2.200000 0.155339
3.400000 1.800000 2.600000 0.447279
3.400000 1.800000 3.000000 0.774529
3.400000 1.800000 3.400000 0.058351
3.400000 1.800000 3.800000 0.286538
3.400000 1.800000 4.200000 0.233375
3.400000 1.800000 4.600000 0.386914
3.400000 1.800000 5.000000 0.779565
3.400000 2.200000 1.000000 0.035676
3.400000 2.200000 1.400000 0.484237
3.400000 2.200000 1.800000 0.430494
3.400000 2.200000 2.200000 0.387402
3.400000 2.200000 2.600000 0.615375
3.400000 2.200000 3.000000 0.677847
3.400000 2.200000 3.400000 0.624042
3.400000 2.200000 3.800000 0.767144
3.400000 2.200000 4.200000 0.745659
3.400000 2.200000 4.600000 0.027619
3.400000 2.200000 5.000000 0.706534
3.400000 2.600000 1.000000 0.063540
3.400000 2.600000 1.400000 0.406476
3.400000 2.600000 1.800000 0.849879
3.400000 2.600000 2.200000 0.460219
3.400000 2.600000 2.600000 0.236946
3.400000 2.600000 3.000000 0.295633
3.400000 2.600000 3.400000 0.815607
3.400000 2.600000 3.800000 0.079440
3.400000 2.600000 4.200000 0.581835
3.400000 2.600000 4.600000 0.397412
3.400000 2.600000 5.000000 0.868831
3.400000 3.000000 1.000000 0.541368
3.400000 3.000000 1.400000 0.239509
3.400000 3.000000 1.800000 0.569323
3.400000 3.000000 2.200000 0.091800
3.400000 3.000000 2.600000 0.134770
3.400000 3.000000 3.000000 0.236671
3.400000 3.000000 3.400000 0.552446
3.400000 3.000000 3.800000 0.298959
3.400000 3.000000 4.200000 0.803613
3.400000 3.000000 4.600000 0.079836
3.400000 3.000000 5.000000 0.311777
3.400000 3.400000 1.000000 0.640553
3.400000 3.400000 1.400000 0.460982
3.400000 3.400000 1.800000 0.438429
3.400000 3.400000 2.200000 0.113224
3.400000 3.400000 2.600000 0.997223
3.400000 3.400000 3.000000 0.930204
3.400000 3.400000 3.400000 0.946409
3.400000 3.400000 3.800000 0.242805
3.400000 3.400000 4.200000 0.446974
3.400000 3.400000 4.600000 0.669088
3.400000 3.400000 5.000000 0.654653
3.400000 3.800000 1.000000 0.774834
3.400000 3.800000 1.400000 0.585650
3.400000 3.800000 1.800000 0.933653
3.400000 3.800000 2.200000 0.164922
3.400000 3.800000 2.600000 0.295206
3.400000 3.800000 3.000000 0.982116
3.400000 3.800000 3.400000 0.537339
3.400000 3.800000 3.800000 0.976592
3.400000 3.800000 4.200000 0.986175
3.400000 3.800000 4.600000 0.549364
3.400000 3.800000 5.000000 0.862697
3.400000 4.200000 1.000000 0.077456
3.400000 4.200000 1.400000 0.978149
3.400000 4.200000 1.800000 0.113163
3.400000 4.200000 2.200000 0.280526
3.400000 4.200000 2.600000 0.310434
3.400000 4.200000 3.000000 0.376049
3.400000 4.200000 3.400000 0.958953
3.400000 4.200000 3.800000 0.634358
3.400000 4.200000 4.200000 0.546190
3.400000 4.200000 4.600000 0.865230
3.400000 4.200000 5.000000 0.638600
3.400000 4.600000 1.000000 0.944731
3.400000 4.600000 1.400000 0.194037
3.400000 4.600000 1.800000 0.303873
3.400000 4.600000 2.200000 0.818293
3.400000 4.600000 2.600000 0.991058
3.400000 4.600000 3.000000 0.082247
3.400000 4.600000 3.400000 0.208075
3.400000 4.600000 3.800000 0.448347
3.400000 4.600000 4.200000 0.926572
3.400000 4.600000 4.600000 0.238014
3.400000 4.600000 5.000000 0.535478
3.400000 5.000000 1.000000 0.037049
3.400000 5.000000 1.400000 0.582476
3.400000 5.000000 1.800000 0.599841
3.400000 5.000000 2.200000 0.674337
3.400000 5.000000 2.600000 0.308847
3.400000 5.000000 3.000000 0.618061
3.400000 5.000000 3.400000 0.192236
3.400000 5.000000 3.800000 0.043672
3.400000 5.000000 4.200000 0.028565
3.400000 5.000000 4.600000 0.172674
3.400000 5.000000 5.000000 0.795007
3.800000 1.000000 1.000000 0.211097
3.800000 1.000000 1.400000 0.273324
3.800000 1.000000 1.800000 0.175909
3.800000 1.000000 2.200000 0.637379
3.800000 1.000000 2.600000 0.934385
3.800000 1.000000 3.000000 0.932340
3.800000 1.000000 3.400000 0.972198
3.800000 1.000000 3.800000 0.149449
3.800000 1.000000 4.200000 0.033174
3.800000 1.000000 4.600000 0.716941
3.800000 1.000000 5.000000 0.416150
3.800000 1.400000 1.000000 0.301035
3.800000 1.400000 1.400000 0.497147
3.800000 1.400000 1.800000 0.461592
3.800000 1.400000 2.200000 0.094943
3.800000 1.400000 2.600000 0.559709
3.800000 1.400000 3.000000 0.736412
3.800000 1.400000 3.400000 0.996857
3.800000 1.400000 3.800000 0.833674
3.800000 1.400000 4.200000 0.999481
3.800000 1.400000 4.600000 0.381054
3.800000 1.400000 5.000000 0.376202
3.800000 1.800000 1.000000 0.140355
3.800000 1.800000 1.400000 0.590777
3.800000 1.800000 1.800000 0.535752
3.800000 1.800000 2.200000 0.737449
3.800000 1.800000 2.600000 0.746666
3.800000 1.800000 3.000000 0.203742
3.800000 1.800000 3.400000 0.895444
3.800000 1.800000 3.800000 0.580187
3.800000 1.800000 4.200000 0.900357
3.800000 1.800000 4.600000 0.355205
3.800000 1.800000 5.000000 0.628834
3.800000 2.200000 1.000000 0.740532
3.800000 2.200000 1.400000 0.566240
3.800000 2.200000 1.800000 0.231330
3.800000 2.200000 2.200000 0.435713
3.800000 2.200000 2.600000 0.844356
3.800000 2.200000 3.000000 0.191382
3.800000 2.200000 3.400000 0.016877
3.800000 2.200000 3.800000 0.684103
3.800000 2.200000 4.200000 0.520310
3.800000 2.200000 4.600000 0.190985
3.800000 2.200000 5.000000 0.062319
3.800000 2.600000 1.000000 0.034089
3.800000 2.600000 1.400000 0.153935
3.800000 2.600000 1.800000 0.811457
3.800000 2.600000 2.200000 0.920042
3.800000 2.600000 2.600000 0.454024
3.800000 2.600000 3.000000 0.463820
3.800000 2.600000 3.400000 0.526383
3.800000 2.600000 3.800000 0.780999
3.800000 2.600000 4.200000 0.035463
3.800000 2.600000 4.600000 0.681448
3.800000 2.600000 5.000000 0.622211
3.800000 3.000000 1.000000 0.343059
3.800000 3.000000 1.400000 0.513535
3.800000 3.000000 1.800000 0.615864
3.800000 3.000000 2.200000 0.129429
3.800000 3.000000 2.600000 0.642170
3.800000 3.000000 3.000000 0.898129
3.800000 3.000000 3.400000 0.384075
3.800000 3.000000 3.800000 0.755913
3.800000 3.000000 4.200000 0.877529
3.800000 3.000000 4.600000 0.123203
3.800000 3.000000 5.000000 0.089175
3.800000 3.400000 1.000000 0.978179
3.800000 3.400000 1.400000 0.762535
3.800000 3.400000 1.800000 0.119480
3.800000 3.400000 2.200000 0.226478
3.800000 3.400000 2.600000 0.947447
3.800000 3.400000 3.000000 0.431928
3.800000 3.400000 3.400000 0.217566
3.800000 3.400000 3.800000 0.099765
3.800000 3.400000 4.200000 0.366100
3.800000 3.400000 4.600000 0.437178
3.800000 3.400000 5.000000 0.287027
3.800000 3.800000 1.000000 0.028413
3.800000 3.800000 1.400000 0.991424
3.800000 3.800000 1.800000 0.860744
3.800000 3.800000 2.200000 0.518387
3.800000 3.800000 2.600000 0.626850
3.800000 3.800000 3.000000 0.921964
3.800000 3.800000 3.400000 0.080935
3.800000 3.800000 3.800000 0.253853
3.800000 3.800000 4.200000 0.937437
3.800000 3.800000 4.600000 0.324137
3.800000 3.800000 5.000000 0.218268
3.800000 4.200000 1.000000 0.772942
3.800000 4.200000 1.400000 0.698172
3.800000 4.200000 1.800000 0.753960
3.800000 4.200000 2.200000 0.794824
3.800000 4.200000 2.600000 0.439680
3.800000 4.200000 3.000000 0.526444
3.800000 4.200000 3.400000 0.730766
3.800000 4.200000 3.800000 0.637562
3.800000 4.200000 4.200000 0.117252
3.800000 4.200000 4.600000 0.300027
3.800000 4.200000 5.000000 0.719504
3.800000 4.600000 1.000000 0.557329
3.800000 4.600000 1.400000 0.256539
3.800000 4.600000 1.800000 0.516495
3.800000 4.600000 2.200000 0.177099
3.800000 4.600000 2.600000 0.834254
3.800000 4.600000 3.000000 0.564562
3.800000 4.600000 3.400000 0.912564
3.800000 4.600000 3.800000 0.819727
3.800000 4.600000 4.200000 0.041017
3.800000 4.600000 4.600000 0.659505
3.800000 4.600000 5.000000 0.124302
3.800000 5.000000 1.000000 0.766869
3.800000 5.000000 1.400000 0.235572
3.800000 5.000000 1.800000 0.618244
3.800000 5.000000 2.200000 0.669790
3.800000 5.000000 2.600000 0.718863
3.800000 5.000000 3.000000 0.053804
3.800000 5.000000 3.400000 0.822565
3.800000 5.000000 3.800000 0.034974
3.800000 5.000000 4.200000 0.823603
3.800000 5.000000 4.600000 0.734214
3.800000 5.000000 5.000000 0.010498
4.200000 1.000000 1.000000 0.144810
4.200000 1.000000 1.400000 0.388989
4.200000 1.000000 1.800000 0.605335
4.200000 1.000000 2.200000 0.939299
4.200000 1.000000 2.600000 0.999756
4.200000 1.000000 3.000000 0.097659
4.200000 1.000000 3.400000 0.067202
4.200000 1.000000 3.800000 0.565416
4.200000 1.000000 4.200000 0.760063
4.200000 1.000000 4.600000 0.879421
4.200000 1.000000 5.000000 0.598468
4.200000 1.400000 1.000000 0.148808
4.200000 1.400000 1.400000 0.058382
4.200000 1.400000 1.800000 0.098422
4.200000 1.400000 2.200000 0.819849
4.200000 1.400000 2.600000 0.187170
4.200000 1.400000 3.000000 0.822230
4.200000 1.400000 3.400000 0.211219
4.200000 1.400000 3.800000 0.145665
4.200000 1.400000 4.200000 0.586352
4.200000 1.400000 4.600000 0.387158
4.200000 1.400000 5.000000 0.551195
4.200000 1.800000 1.000000 0.054567
4.200000 1.800000 1.400000 0.973571
4.200000 1.800000 1.800000 0.182653
4.200000 1.800000 2.200000 0.396863
4.200000 1.800000 2.600000 0.510422
4.200000 1.800000 3.000000 0.559191
4.200000 1.800000 3.400000 0.771294
4.200000 1.800000 3.800000 0.979156
4.200000 1.800000 4.200000 0.564989
4.200000 1.800000 4.600000 0.454024
4.200000 1.800000 5.000000 0.522446
4.200000 2.200000 1.000000 0.584613
4.200000 2.200000 1.400000 0.673574
4.200000 2.200000 1.800000 0.847407
4.200000 2.200000 2.200000 0.702628
4.200000 2.200000 2.600000 0.410566
4.200000 2.200000 3.000000 0.754601
4.200000 2.200000 3.400000 0.953215
4.200000 2.200000 3.800000 0.262398
4.200000 2.200000 4.200000 0.328227
4.200000 2.200000 4.600000 0.524796
4.200000 2.200000 5.000000 0.129551
4.200000 2.600000 1.000000 0.102390
4.200000 2.600000 1.400000 0.210700
4.200000 2.600000 1.800000 0.140843
4.200000 2.600000 2.200000 0.078829
4.200000 2.600000 2.600000 0.098514
4.200000 2.600000 3.000000 0.981292
4.200000 2.600000 3.400000 0.679037
4.200000 2.600000 3.800000 0.533647
4.200000 2.600000 4.200000 0.668813
4.200000 2.600000 4.600000 0.038942
4.200000 2.600000 5.000000 0.483963
4.200000 3.000000 1.000000 0.335520
4.200000 3.000000 1.400000 0.161901
4.200000 3.000000 1.800000 0.216895
4.200000 3.000000 2.200000 0.917783
4.200000 3.000000 2.600000 0.312693
4.200000 3.000000 3.000000 0.849635
4.200000 3.000000 3.400000 0.930754
4.200000 3.000000 3.800000 0.540880
4.200000 3.000000 4.200000 0.862575
4.200000 3.000000 4.600000 0.803949
4.200000 3.000000 5.000000 0.672140
4.200000 3.400000 1.000000 0.255593
4.200000 3.400000 1.400000 0.645711
4.200000 3.400000 1.800000 0.440016
4.200000 3.400000 2.200000 0.504624
4.200000 3.400000 2.600000 0.444136
4.200000 3.400000 3.000000 0.297464
4.200000 3.400000 3.400000 0.006623
4.200000 3.400000 3.800000 0.717582
4.200000 3.400000 4.200000 0.631520
4.200000 3.400000 4.600000 0.563311
4.200000 3.400000 5.000000 0.805017
4.200000 3.800000 1.000000 0.294382
4.200000 3.800000 1.400000 0.705771
4.200000 3.800000 1.800000 0.764275
4.200000 3.800000 2.200000 0.417524
4.200000 3.800000 2.600000 0.351848
4.200000 3.800000 3.000000 0.225349
4.200000 3.800000 3.400000 0.998688
4.200000 3.800000 3.800000 0.727287
4.200000 3.800000 4.200000 0.205939
4.200000 3.800000 4.600000 0.846278
4.200000 3.800000 5.000000 0.986663
4.200000 4.200000 1.000000 0.010010
4.200000 4.200000 1.400000 0.221229
4.200000 4.200000 1.800000 0.399213
4.200000 4.200000 2.200000 0.963164
4.200000 4.200000 2.600000 0.879696
4.200000 4.200000 3.000000 0.099460
4.200000 4.200000 3.400000 0.648488
4.200000 4.200000 3.800000 0.526322
4.200000 4.200000 4.200000 0.368480
4.200000 4.200000 4.600000 0.764061
4.200000 4.200000 5.000000 0.263833
4.200000 4.600000 1.000000 0.847133
4.200000 4.600000 1.400000 0.923154
4.200000 4.600000 1.800000 0.496353
4.200000 4.600000 2.200000 0.036409
4.200000 4.600000 2.600000 0.146336
4.200000 4.600000 3.000000 0.598376
4.200000 4.600000 3.400000 0.480270
4.200000 4.600000 3.800000 0.870052
4.200000 4.600000 4.200000 0.845820
4.200000 4.600000 4.600000 0.228980
4.200000 4.600000 5.000000 0.411298
4.200000 5.000000 1.000000 0.579272
4.200000 5.000000 1.400000 0.299295
4.200000 5.000000 1.800000 0.861476
4.200000 5.000000 2.200000 0.326090
4.200000 5.000000 2.600000 0.025117
4.200000 5.000000 3.000000 0.510025
4.200000 5.000000 3.400000 0.226875
4.200000 5.000000 3.800000 0.309305
4.200000 5.000000 4.200000 0.620258
4.200000 5.000000 4.600000 0.740623
4.200000 5.000000 5.000000 0.535905
4.600000 1.000000 1.000000 0.233345
4.600000 1.000000 1.400000 0.734245
4.600000 1.000000 1.800000 0.421918
4.600000 1.000000 2.200000 0.377331
4.600000 1.000000 2.600000 0.187780
4.600000 1.000000 3.000000 0.030610
4.600000 1.000000 3.400000 0.266884
4.600000 1.000000 3.800000 0.001434
4.600000 1.000000 4.200000 0.754204
4.600000 1.000000 4.600000 0.266823
4.600000 1.000000 5.000000 0.995849
4.600000 1.400000 1.000000 0.769402
4.600000 1.400000 1.400000 0.783441
4.600000 1.400000 1.800000 0.588366
4.600000 1.400000 2.200000 0.579150
4.600000 1.400000 2.600000 0.049623
4.600000 1.400000 3.000000 0.830500
4.600000 1.400000 3.400000 0.848048
4.600000 1.400000 3.800000 0.404035
4.600000 1.400000 4.200000 0.343303
4.600000 1.400000 4.600000 0.904416
4.600000 1.400000 5.000000 0.982330
4.600000 1.800000 1.000000 0.271096
4.600000 1.800000 1.400000 0.918882
4.600000 1.800000 1.800000 0.688437
4.600000 1.800000 2.200000 0.975097
4.600000 1.800000 2.600000 0.627491
4.600000 1.800000 3.000000 0.738182
4.600000 1.800000 3.400000 0.887356
4.600000 1.800000 3.800000 0.440931
4.600000 1.800000 4.200000 0.942442
4.600000 1.800000 4.600000 0.954619
4.600000 1.800000 5.000000 0.858028
4.600000 2.200000 1.000000 0.358654
4.600000 2.200000 1.400000 0.631672
4.600000 2.200000 1.800000 0.764641
4.600000 2.200000 2.200000 0.179266
4.600000 2.200000 2.600000 0.986358
4.600000 2.200000 3.000000 0.437056
4.600000 2.200000 3.400000 0.894498
4.600000 2.200000 3.800000 0.317637
4.600000 2.200000 4.200000 0.489456
4.600000 2.200000 4.600000 0.667318
4.600000 2.200000 5.000000 0.502457
4.600000 2.600000 1.000000 0.044801
4.600000 2.600000 1.400000 0.313089
4.600000 2.600000 1.800000 0.206519
4.600000 2.600000 2.200000 0.778619
4.600000 2.600000 2.600000 0.763573
4.600000 2.600000 3.000000 0.829432
4.600000 2.600000 3.400000 0.696280
4.600000 2.600000 3.800000 0.023194
4.600000 2.600000 4.200000 0.398022
4.600000 2.600000 4.600000 0.292062
4.600000 2.600000 5.000000 0.798120
4.600000 3.000000 1.000000 0.484512
4.600000 3.000000 1.400000 0.004517
4.600000 3.000000 1.800000 0.628162
4.600000 3.000000 2.200000 0.942167
4.600000 3.000000 2.600000 0.737999
4.600000 3.000000 3.000000 0.759636
4.600000 3.000000 3.400000 0.099551
4.600000 3.000000 3.800000 0.468276
4.600000 3.000000 4.200000 0.887478
4.600000 3.000000 4.600000 0.481155
4.600000 3.000000 5.000000 0.364513
4.600000 3.400000 1.000000 0.566240
4.600000 3.400000 1.400000 0.370006
4.600000 3.400000 1.800000 0.338878
4.600000 3.400000 2.200000 0.971038
4.600000 3.400000 2.600000 0.920835
4.600000 3.400000 3.000000 0.645528
4.600000 3.400000 3.400000 0.910642
4.600000 3.400000 3.800000 0.812830
4.600000 3.400000 4.200000 0.468245
4.600000 3.400000 4.600000 0.552263
4.600000 3.400000 5.000000 0.240699
4.600000 3.800000 1.000000 0.579974
4.600000 3.800000 1.400000 0.170232
4.600000 3.800000 1.800000 0.609790
4.600000 3.800000 2.200000 0.056093
4.600000 3.800000 2.600000 0.734336
4.600000 3.800000 3.000000 0.211982
4.600000 3.800000 3.400000 0.050203
4.600000 3.800000 3.800000 0.797662
4.600000 3.800000 4.200000 0.041993
4.600000 3.800000 4.600000 0.529984
4.600000 3.800000 5.000000 0.859462
4.600000 4.200000 1.000000 0.621326
4.600000 4.200000 1.400000 0.193640
4.600000 4.200000 1.800000 0.076296
4.600000 4.200000 2.200000 0.609363
4.600000 4.200000 2.600000 0.026978
4.600000 4.200000 3.000000 0.543657
4.600000 4.200000 3.400000 0.725669
4.600000 4.200000 3.800000 0.362102
4.600000 4.200000 4.200000 0.270058
4.600000 4.200000 4.600000 0.500107
4.600000 4.200000 5.000000 0.230811
4.600000 4.600000 1.000000 0.428053
4.600000 4.600000 1.400000 0.212714
4.600000 4.600000 1.800000 0.596179
4.600000 4.600000 2.200000 0.133488
4.600000 4.600000 2.600000 0.258675
4.600000 4.600000 3.000000 0.770775
4.600000 4.600000 3.400000 0.774285
4.600000 4.600000 3.800000 0.036531
4.600000 4.600000 4.200000 0.255013
4.600000 4.600000 4.600000 0.612568
4.600000 4.600000 5.000000 0.914701
4.600000 5.000000 1.000000 0.143437
4.600000 5.000000 1.400000 0.773858
4.600000 5.000000 1.800000 0.265969
4.600000 5.000000 2.200000 0.139195
4.600000 5.000000 2.600000 0.471969
4.600000 5.000000 3.000000 0.112033
4.600000 5.000000 3.400000 0.290048
4.600000 5.000000 3.800000 0.921842
4.600000 5.000000 4.200000 0.647603
4.600000 5.000000 4.600000 0.750938
4.600000 5.000000 5.000000 0.666982
5.000000 1.000000 1.000000 0.536973
5.000000 1.000000 1.400000 0.683554
5.000000 1.000000 1.800000 0.641621
5.000000 1.000000 2.200000 0.071505
5.000000 1.000000 2.600000 0.876949
5.000000 1.000000 3.000000 0.653310
5.000000 1.000000 3.400000 0.812342
5.000000 1.000000 3.800000 0.173193
5.000000 1.000000 4.200000 0.169958
5.000000 1.000000 4.600000 0.661702
5.000000 1.000000 5.000000 0.079653
5.000000 1.400000 1.000000 0.628193
5.000000 1.400000 1.400000 0.629658
5.000000 1.400000 1.800000 0.021607
5.000000 1.400000 2.200000 0.144353
5.000000 1.400000 2.600000 0.916837
5.000000 1.400000 3.000000 0.567431
5.000000 1.400000 3.400000 0.041414
5.000000 1.400000 3.800000 0.853145
5.000000 1.400000 4.200000 0.683096
5.000000 1.400000 4.600000 0.999084
5.000000 1.400000 5.000000 0.330485
5.000000 1.800000 1.000000 0.907773
5.000000 1.800000 1.400000 0.732322
5.000000 1.800000 1.800000 0.276711
5.000000 1.800000 2.200000 0.028169
5.000000 1.800000 2.600000 0.802698
5.000000 1.800000 3.000000 0.343211
5.000000 1.800000 3.400000 0.777490
5.000000 1.800000 3.800000 0.863124
5.000000 1.800000 4.200000 0.272500
5.000000 1.800000 4.600000 0.050905
5.000000 1.800000 5.000000 0.179876
5.000000 2.200000 1.000000 0.448683
5.000000 2.200000 1.400000 0.030274
5.000000 2.200000 1.800000 0.556536
5.000000 2.200000 2.200000 0.359447
5.000000 2.200000 2.600000 0.721152
5.000000 2.200000 3.000000 0.078219
5.000000 2.200000 3.400000 0.920286
5.000000 2.200000 3.800000 0.434858
5.000000 2.200000 4.200000 0.926572
5.000000 2.200000 4.600000 0.371929
5.000000 2.200000 5.000000 0.693899
5.000000 2.600000 1.000000 0.995544
5.000000 2.600000 1.400000 0.062899
5.000000 2.600000 1.800000 0.119236
5.000000 2.600000 2.200000 0.148808
5.000000 2.600000 2.600000 0.042085
5.000000 2.600000 3.000000 0.183294
5.000000 2.600000 3.400000 0.495315
5.000000 2.600000 3.800000 0.256233
5.000000 2.600000 4.200000 0.671285
5.000000 2.600000 4.600000 0.466964
5.000000 2.600000 5.000000 0.054720
5.000000 3.000000 1.000000 0.575426
5.000000 3.000000 1.400000 0.035768
5.000000 3.000000 1.800000 0.463912
5.000000 3.000000 2.200000 0.622394
5.000000 3.000000 2.600000 0.706473
5.000000 3.000000 3.000000 0.611164
5.000000 3.000000 3.400000 0.419996
5.000000 3.000000 3.800000 0.943937
5.000000 3.000000 4.200000 0.463851
5.000000 3.000000 4.600000 0.300363
5.000000 3.000000 5.000000 0.087741
5.000000 3.400000 1.000000 0.877194
5.000000 3.400000 1.400000 0.426618
5.000000 3.400000 1.800000 0.407453
5.000000 3.400000 2.200000 0.930418
5.000000 3.400000 2.600000 0.406140
5.000000 3.400000 3.000000 0.022309
5.000000 3.400000 3.400000 0.011872
5.000000 3.400000 3.800000 0.124271
5.000000 3.400000 4.200000 0.258217
5.000000 3.400000 4.600000 0.799799
5.000000 3.400000 5.000000 0.774102
5.000000 3.800000 1.000000 0.266488
5.000000 3.800000 1.400000 0.406201
5.000000 3.800000 1.800000 0.048097
5.000000 3.800000 2.200000 0.704428
5.000000 3.800000 2.600000 0.193884
5.000000 3.800000 3.000000 0.236457
5.000000 3.800000 3.400000 0.417219
5.000000 3.800000 3.800000 0.925718
5.000000 3.800000 4.200000 0.819697
5.000000 3.800000 4.600000 0.664266
5.000000 3.800000 5.000000 0.696951
5.000000 4.200000 1.000000 0.961577
5.000000 4.200000 1.400000 0.393658
5.000000 4.200000 1.800000 0.977691
5.000000 4.200000 2.200000 0.410291
5.000000 4.200000 2.600000 0.581317
5.000000 4.200000 3.000000 0.092807
5.000000 4.200000 3.400000 0.691214
5.000000 4.200000 3.800000 0.377636
5.000000 4.200000 4.200000 0.732627
5.000000 4.200000 4.600000 0.348094
5.000000 4.200000 5.000000 0.190344
5.000000 4.600000 1.000000 0.907651
5.000000 4.600000 1.400000 0.593463
5.000000 4.600000 1.800000 0.813593
5.000000 4.600000 2.200000 0.448683
5.000000 4.600000 2.600000 0.771569
5.000000 4.600000 3.000000 0.274270
5.000000 4.600000 3.400000 0.384991
5.000000 4.600000 3.800000 0.598193
5.000000 4.600000 4.200000 0.616993
5.000000 4.600000 4.600000 0.201971
5.000000 4.600000 5.000000 0.172582
5.000000 5.000000 1.000000 0.634388
5.000000 5.000000 1.400000 0.977233
5.000000 5.000000 1.800000 0.716758
5.000000 5.000000 2.200000 0.836146
5.000000 5.000000 2.600000 0.037751
5.000000 5.000000 3.000000 0.532487
5.000000 5.000000 3.400000 0.912961
5.000000 5.000000 3.800000 0.186743
5.000000 5.000000 4.200000 0.592029
5.000000 5.000000 4.600000 0.779748
5.000000 5.000000 5.000000 0.255440
